0 0.2733457019171305 0.13172541743970315 0.019789734075448352 0.040816326530612235
0 0.27829313543599254 0.3914656771799629 0.022263450834879385 0.02226345083487942
0 0.3395176252319109 0.5788497217068646 0.03339517625231906 0.05936920222634505
0 0.3840445269016698 0.647495361781076 0.0383426097711812 0.0408163265306122
0 0.47186147186147187 0.5148423005565863 0.023500309214594922 0.04267161410018559
0 0.47433518862090296 0.27922077922077926 0.01855287569573285 0.04638218923933206
0 0.5405071119356833 0.3961038961038961 0.032158317872603565 0.05009276437847873
0 0.5392702535559678 0.30055658627087195 0.01731601731601728 0.044526901669758805
0 0.5887445887445888 0.17903525046382188 0.01731601731601728 0.02411873840445267
0 0.714904143475572 0.2087198515769944 0.01978973407544842 0.03525046382189242
0 0.8311688311688311 0.22448979591836732 0.037105751391465845 0.037105751391465665
0 0.8899196042053186 0.33580705009276435 0.02844774273345706 0.02597402597402592
