0 0.18552875695732837 0.3478664192949907 0.0321583178726036 0.07977736549165122
0 0.20346320346320346 0.47495361781076073 0.028447742733457026 0.025974025974025993
0 0.3252937538651824 0.35250463821892397 0.027210884353741492 0.029684601113172563
0 0.39641311069882496 0.21521335807050093 0.02102659245516392 0.04452690166975884
0 0.40816326530612246 0.33209647495361777 0.02473716759431042 0.0408163265306122
0 0.5306122448979592 0.3283858998144713 0.022263450834879493 0.03710575139146563
0 0.5893630179344466 0.2532467532467533 0.02597402597402585 0.02782931354359924
0 0.5541125541125541 0.4165120593692022 0.01978973407544828 0.04267161410018552
0 0.6425479282622139 0.4109461966604823 0.03339517625231899 0.05009276437847866
0 0.6252319109461966 0.510204081632653 0.04576376004947434 0.04452690166975877
0 0.5757575757575758 0.577922077922078 0.02102659245516385 0.04638218923933216
