0 0.18119975262832405 0.05009276437847866 0.021026592455163886 0.044526901669758805
0 0.3914656771799629 0.10296846011131726 0.025974025974025993 0.03153988868274585
0 0.3661100803957947 0.15306122448979592 0.01731601731601728 0.0352504638218924
0 0.3982683982683983 0.16048237476808908 0.019789734075448352 0.020408163265306117
0 0.4965986394557823 0.23191094619666047 0.0383426097711812 0.029684601113172525
0 0.4044526901669759 0.3042671614100185 0.032158317872603565 0.05936920222634509
0 0.45392702535559676 0.29962894248608535 0.014842300556586282 0.05009276437847863
0 0.37600494743351887 0.4072356215213358 0.0420531849103277 0.03153988868274581
0 0.5238095238095238 0.3608534322820037 0.025974025974025993 0.03525046382189238
0 0.5893630179344466 0.5352504638218923 0.02350030921459499 0.03153988868274581
0 0.4106369820655535 0.5176252319109461 0.02473716759431042 0.02968460111317249
0 0.5046382189239332 0.6317254174397031 0.027210884353741492 0.03153988868274581
