1 0.08286951144094001 0.9146567717996288 0.03710575139146569 0.051948051948051986
1 0.3166357452071738 0.7319109461966604 0.02473716759431049 0.04267161410018559
1 0.3364254792826221 0.6818181818181819 0.044526901669758805 0.09090909090909101
1 0.22696351267779838 0.19944341372912802 0.025974025974025955 0.07235621521335805
1 0.3228200371057514 0.3042671614100185 0.017316017316017316 0.02597402597402592
1 0.4662956091527521 0.4536178107606679 0.032158317872603634 0.0946196660482375
1 0.5207173778602351 0.6753246753246753 0.032158317872603565 0.07792207792207798
1 0.6815089672232528 0.2829313543599258 0.0371057513914657 0.0946196660482375
1 0.8404452690166976 0.512987012987013 0.03339517625231906 0.03525046382189245
1 0.7724180581323438 0.7217068645640075 0.03339517625231906 0.051948051948051986
