0 0.16079158936301796 0.42949907235621526 0.027210884353741457 0.03153988868274581
0 0.287569573283859 0.47680890538033394 0.028447742733457026 0.03710575139146563
0 0.20222634508348794 0.16883116883116883 0.025974025974025993 0.04081632653061222
0 0.422387136672851 0.10204081632653061 0.03339517625231906 0.040816326530612235
0 0.5732838589981447 0.2736549165120594 0.02597402597402592 0.03525046382189238
0 0.6876932591218305 0.1836734693877551 0.03463203463203456 0.051948051948051945
0 0.7266542980828694 0.27179962894248605 0.023500309214594922 0.04638218923933209
0 0.5367965367965367 0.6076066790352505 0.02226345083487942 0.020408163265306173
0 0.5627705627705627 0.6233766233766234 0.01978973407544842 0.040816326530612346
0 0.7656153370439085 0.6187384044526902 0.0371057513914657 0.05009276437847866
