0 0.18305504019789734 0.05473098330241188 0.029684601113172563 0.05380333951762523
0 0.21768707482993196 0.30055658627087195 0.032158317872603565 0.044526901669758805
0 0.31787260358688935 0.18089053803339517 0.0321583178726036 0.027829313543599278
0 0.34199134199134207 0.21614100185528756 0.025974025974025993 0.024118738404452708
0 0.4230055658627087 0.13821892393320964 0.02473716759431042 0.027829313543599257
0 0.5807050092764379 0.12244897959183675 0.02844774273345706 0.025974025974025972
0 0.3017934446505875 0.385899814471243 0.019789734075448387 0.03339517625231913
0 0.2634508348794063 0.4935064935064935 0.039579468150896704 0.0408163265306122
0 0.510204081632653 0.5176252319109461 0.02102659245516385 0.02968460111317249
0 0.5633889919604207 0.6261595547309834 0.025974025974025993 0.027829313543599382
0 0.48670377241805807 0.6818181818181819 0.01855287569573285 0.035250463821892314
0 0.3475572047000618 0.7467532467532467 0.027210884353741492 0.04638218923933209
