1 0.09461966604823749 0.08534322820037106 0.03092145949288807 0.044526901669758805
1 0.2653061224489796 0.4730983302411873 0.040816326530612235 0.04452690166975877
1 0.4087816944959802 0.44990723562152135 0.02844774273345706 0.05380333951762523
1 0.481756338899196 0.6298701298701299 0.023500309214594922 0.05009276437847866
1 0.722943722943723 0.7152133580705009 0.0705009276437849 0.07235621521335815
1 0.9041434755720471 0.6512059369202226 0.029684601113172705 0.05936920222634505
1 0.7903525046382188 0.3144712430426716 0.02473716759431042 0.06493506493506494
1 0.7266542980828694 0.24025974025974026 0.04329004329004348 0.06864564007421152
1 0.5732838589981447 0.19480519480519484 0.02844774273345706 0.0705009276437848
1 0.5293753865182436 0.461038961038961 0.01978973407544842 0.04638218923933209
