1 0.25170068027210885 0.3803339517625231 0.0383426097711812 0.048237476808905416
1 0.3939393939393939 0.3812615955473098 0.01855287569573285 0.06122448979591837
1 0.3475572047000618 0.31632653061224486 0.027210884353741492 0.027829313543599278
1 0.5139146567717997 0.5844155844155844 0.055658627087198556 0.1261595547309833
1 0.6858379715522573 0.5834879406307977 0.035868893011750204 0.03896103896103895
1 0.5967841682127397 0.4443413729128015 0.048237476808905416 0.03525046382189238
1 0.4990723562152134 0.23098330241187384 0.03339517625231906 0.03896103896103895
1 0.49659863945578236 0.19666048237476808 0.01855287569573285 0.05936920222634509
1 0.5739022881880024 0.1641929499072356 0.04452690166975877 0.05009276437847864
1 0.3803339517625231 0.5797773654916513 0.02844774273345699 0.027829313543599313
