0 0.29375386518243657 0.34879406307977734 0.028447742733457026 0.04081632653061227
0 0.28076685219542363 0.4285714285714286 0.019789734075448387 0.037105751391465776
0 0.3815708101422387 0.5992578849721706 0.030921459492888062 0.04452690166975884
0 0.437847866419295 0.5862708719851577 0.01731601731601735 0.03339517625231899
0 0.608534322820037 0.35899814471243047 0.019789734075448352 0.02782931354359924
0 0.8435374149659864 0.45825602968460116 0.01978973407544842 0.06679035250463819
0 0.7699443413729128 0.6706864564007421 0.025974025974026062 0.03153988868274581
0 0.8695114409400123 0.75139146567718 0.01978973407544828 0.02597402597402592
0 0.536178107606679 0.6985157699443414 0.035868893011750135 0.06122448979591837
0 0.48794063079777367 0.7439703153988867 0.02597402597402592 0.02597402597402592
0 0.29993815708101423 0.8237476808905382 0.0383426097711812 0.0371057513914657
0 0.34384662956091533 0.9304267161410018 0.02226345083487942 0.03896103896103909
