0 0.3970315398886827 0.8478664192949907 0.029684601113172563 0.04452690166975884
0 0.41558441558441556 0.48701298701298706 0.04205318491032784 0.06122448979591837
0 0.45949288806431665 0.47031539888682744 0.02102659245516385 0.050092764378478594
0 0.4724799010513296 0.5241187384044527 0.03463203463203463 0.03525046382189245
0 0.5905998763141621 0.7022263450834879 0.025974025974025993 0.04267161410018559
0 0.5355596784168212 0.888682745825603 0.04452690166975877 0.0408163265306122
0 0.5856524427952999 0.8803339517625233 0.023500309214594922 0.027829313543599313
0 0.6153370439084724 0.7291280148423005 0.01855287569573278 0.033395176252319206
0 0.7922077922077922 0.8051948051948052 0.02844774273345706 0.04452690166975884
0 0.6233766233766234 0.4007421150278293 0.02473716759431042 0.025974025974025993
0 0.7866419294990723 0.25139146567717996 0.047000618429189844 0.05009276437847863
