0 0.24737167594310452 0.6716141001855288 0.02226345083487942 0.0371057513914657
0 0.3042671614100185 0.6586270871985158 0.02226345083487942 0.02226345083487942
0 0.4675324675324676 0.287569573283859 0.04205318491032777 0.040816326530612235
0 0.6920222634508348 0.2699443413729128 0.02844774273345706 0.03153988868274581
0 0.5009276437847866 0.45269016697588127 0.022263450834879493 0.02968460111317249
0 0.6481137909709338 0.551948051948052 0.0346320346320347 0.03153988868274581
0 0.7421150278293135 0.5333951762523191 0.02473716759431042 0.03153988868274581
0 0.7551020408163265 0.6586270871985158 0.02102659245516392 0.01484230055658614
0 0.5231910946196661 0.666048237476809 0.02721088435374156 0.04452690166975884
0 0.5584415584415584 0.7801484230055657 0.02102659245516392 0.03896103896103895
