0 0.027829313543599257 0.6539888682745826 0.02350030921459493 0.0575139146567718
0 0.04885590599876315 0.792207792207792 0.01855287569573284 0.0408163265306122
0 0.23252937538651824 0.7467532467532467 0.029684601113172563 0.027829313543599313
0 0.2659245516388373 0.8423005565862709 0.019789734075448314 0.02597402597402592
0 0.37105751391465674 0.5009276437847866 0.01731601731601735 0.029684601113172563
0 0.49226963512677796 0.5166975881261595 0.027210884353741492 0.03525046382189238
0 0.5936920222634509 0.4007421150278293 0.02226345083487935 0.04081632653061227
0 0.5905998763141621 0.6641929499072355 0.030921459492888062 0.014842300556586424
0 0.5701917130488559 0.6827458256029685 0.01731601731601728 0.025974025974026062
0 0.6388373531230674 0.8868274582560298 0.023500309214594922 0.0371057513914657
