1 0.7421150278293135 0.7077922077922078 0.0445269016697587 0.06122448979591837
1 0.7779839208410637 0.3896103896103896 0.09152752009894868 0.0779220779220779
1 0.5825602968460111 0.5185528756957328 0.04947433518862098 0.02782931354359917
1 0.5739022881880025 0.49814471243042674 0.03710575139146563 0.024118738404452743
1 0.5046382189239332 0.6465677179962894 0.0420531849103277 0.02782931354359924
1 0.35497835497835495 0.5510204081632654 0.027210884353741492 0.037105751391465776
1 0.22263450834879406 0.11595547309833024 0.04205318491032777 0.05380333951762523
1 0.1360544217687075 0.3256029684601113 0.02721088435374151 0.04267161410018552
1 0.5961657390228818 0.3998144712430427 0.0346320346320347 0.05380333951762523
1 0.3815708101422387 0.163265306122449 0.04576376004947434 0.0371057513914657
