0 0.08781694495980212 0.11595547309833024 0.0272108843537415 0.05009276437847864
0 0.27396413110698825 0.10018552875695733 0.030921459492888027 0.037105751391465686
0 0.3735312306740877 0.163265306122449 0.04205318491032777 0.025974025974025938
0 0.36054421768707484 0.1873840445269017 0.030921459492888062 0.014842300556586282
0 0.5757575757575758 0.1567717996289425 0.02844774273345699 0.06122448979591834
0 0.6982065553494126 0.13172541743970317 0.01855287569573278 0.037105751391465686
0 0.6332714904143475 0.3450834879406308 0.022263450834879493 0.03339517625231913
0 0.6518243661100804 0.3293135435992579 0.01731601731601728 0.03153988868274581
0 0.7779839208410637 0.562152133580705 0.029684601113172563 0.059369202226345126
0 0.6314162028447743 0.5658627087198516 0.02102659245516378 0.0371057513914657
0 0.29375386518243657 0.6669758812615956 0.023500309214594957 0.04267161410018559
0 0.2560296846011132 0.4805194805194805 0.02226345083487942 0.05565862708719848
