0 0.3085961657390229 0.8098330241187384 0.023500309214594884 0.027829313543599313
0 0.4131106988249846 0.8348794063079776 0.027210884353741492 0.0408163265306122
0 0.4186765615337044 0.7300556586270872 0.023500309214594922 0.03525046382189259
0 0.37600494743351887 0.5111317254174397 0.03463203463203463 0.05009276437847873
0 0.43722943722943725 0.5992578849721707 0.0383426097711812 0.04823747680890534
0 0.4743351886209029 0.35621521335807044 0.02102659245516392 0.055658627087198556
0 0.5095856524427953 0.7987012987012987 0.03710575139146563 0.06122448979591837
0 0.5918367346938775 0.7319109461966604 0.01607915893630185 0.04638218923933209
0 0.608534322820037 0.8107606679035251 0.01484230055658621 0.033395176252319206
0 0.6252319109461966 0.605751391465677 0.02102659245516392 0.0575139146567718
0 0.7433518862090289 0.6372912801484231 0.02226345083487942 0.06122448979591837
0 0.7124304267161409 0.8942486085343228 0.029684601113172705 0.05565862708719848
