1 0.10018552875695733 0.24211502782931354 0.01978973407544837 0.05380333951762527
1 0.19727891156462582 0.4879406307977736 0.025974025974025955 0.11502782931354354
1 0.34941249226963506 0.6307977736549165 0.025974025974025993 0.055658627087198626
1 0.34446505875077305 0.4953617810760667 0.04081632653061227 0.07421150278293133
1 0.3450834879406308 0.2894248608534323 0.02473716759431042 0.044526901669758805
1 0.7130488559059988 0.8228200371057514 0.02102659245516378 0.05380333951762537
1 0.8157081014223871 0.5426716141001856 0.023500309214594922 0.11688311688311692
1 0.7377860235003092 0.2532467532467533 0.02102659245516392 0.020408163265306135
1 0.836734693877551 0.2217068645640074 0.035868893011750204 0.04638218923933209
1 0.8614718614718615 0.14935064935064937 0.06307977736549163 0.04638218923933209
