1 0.12430426716141003 0.3051948051948052 0.02844774273345701 0.04638218923933209
1 0.10946196660482375 0.33487940630797774 0.02350030921459494 0.02411873840445267
1 0.2888064316635745 0.32189239332096475 0.025974025974025993 0.03525046382189238
1 0.31972789115646255 0.8738404452690167 0.0754483611626469 0.0779220779220779
1 0.4817563388991961 0.6196660482374768 0.03092145949288799 0.048237476808905486
1 0.5163883735312307 0.6224489795918368 0.03339517625231906 0.04638218923933209
1 0.5565862708719852 0.5287569573283859 0.03710575139146563 0.029684601113172632
1 0.7340754483611627 0.16233766233766234 0.04823747680890534 0.05380333951762521
1 0.7482993197278912 0.8821892393320965 0.0346320346320347 0.057513914656771734
1 0.5510204081632654 0.9128014842300556 0.02844774273345699 0.0445269016697587
