1 0.021026592455163886 0.044526901669758805 0.03463203463203463 0.05194805194805194
1 0.2634508348794063 0.013914656771799629 0.032158317872603565 0.027829313543599257
1 0.46876932591218307 0.025974025974025972 0.0371057513914657 0.051948051948051945
1 0.7235621521335807 0.036178107606679034 0.02473716759431042 0.03896103896103896
1 0.7124304267161409 0.08070500927643785 0.02473716759431042 0.05380333951762523
1 0.7217068645640075 0.16697588126159554 0.03586889301175006 0.06307977736549164
1 0.30488559059987635 0.3738404452690168 0.02844774273345699 0.0575139146567718
1 0.4217687074829932 0.47124304267161415 0.0371057513914657 0.13358070500927652
1 0.5089672232529375 0.5871985157699443 0.023500309214594922 0.04638218923933209
1 0.6567717996289426 0.7003710575139146 0.02721088435374142 0.04638218923933209
