1 0.20779220779220778 0.7792207792207794 0.0371057513914657 0.05565862708719848
1 0.2844774273345702 0.20408163265306123 0.027210884353741457 0.0705009276437848
1 0.3475572047000618 0.20408163265306123 0.02473716759431049 0.06307977736549163
1 0.42609771181199746 0.29313543599257885 0.03339517625231913 0.029684601113172525
1 0.29993815708101423 0.6493506493506493 0.04576376004947434 0.15213358070500924
1 0.4434137291280148 0.6706864564007421 0.023500309214594922 0.04267161410018559
1 0.5108225108225108 0.5157699443413729 0.02721088435374156 0.051948051948051986
1 0.577612863327149 0.7152133580705009 0.05689548546691405 0.04638218923933209
1 0.6846011131725418 0.9851576994434137 0.03339517625231906 0.02226345083487942
1 0.9721706864564007 0.7087198515769945 0.02968460111317242 0.0408163265306122
