0 0.2918985776128633 0.38311688311688313 0.024737167594310456 0.05009276437847866
0 0.4186765615337044 0.4443413729128015 0.04576376004947434 0.03525046382189238
0 0.41063698206555344 0.48701298701298695 0.01236858379715521 0.053803339517625164
0 0.5423623995052567 0.38868274582560297 0.02844774273345706 0.042671614100185454
0 0.6215213358070502 0.4025974025974026 0.02844774273345699 0.02226345083487942
0 0.6549165120593693 0.5528756957328386 0.033395176252319206 0.03339517625231913
0 0.5417439703153989 0.653061224489796 0.017316017316017424 0.03339517625231913
0 0.6493506493506493 0.6354359925788498 0.02226345083487942 0.04638218923933216
0 0.5640074211502782 0.7727272727272728 0.037105751391465776 0.03525046382189245
0 0.6481137909709338 0.9109461966604823 0.02721088435374156 0.06679035250463826
0 0.6870748299319729 0.9285714285714286 0.023500309214594922 0.02782931354359917
0 0.9165120593692022 0.9146567717996288 0.02721088435374156 0.051948051948051986
