1 0.17625231910946199 0.43413729128014844 0.025974025974025955 0.029684601113172563
1 0.3902288188002474 0.5315398886827458 0.06555349412492269 0.042671614100185454
1 0.5887445887445888 0.48144712430426717 0.059369202226345126 0.11688311688311685
1 0.7111935683364254 0.6697588126159555 0.01978973407544842 0.040816326530612346
1 0.8991960420531849 0.4387755102040816 0.02721088435374156 0.04267161410018552
1 0.6376004947433519 0.3645640074211503 0.03834260977118113 0.04638218923933209
1 0.559678416821274 0.14285714285714288 0.035868893011750135 0.048237476808905375
1 0.22201607915893629 0.15398886827458255 0.023500309214594922 0.04452690166975879
1 0.3395176252319109 0.2448979591836735 0.0383426097711812 0.022263450834879458
1 0.3877551020408163 0.33116883116883117 0.02102659245516392 0.027829313543599313
