0 0.36178107606679033 0.6660482374768089 0.02102659245516385 0.0371057513914657
0 0.3939393939393939 0.6354359925788498 0.02350030921459499 0.02411873840445267
0 0.40012368583797153 0.6651205936920224 0.016079158936301782 0.03896103896103895
0 0.5269016697588127 0.647495361781076 0.02968460111317249 0.02968460111317249
0 0.7767470624613482 0.7588126159554731 0.03463203463203456 0.04823747680890534
0 0.30303030303030304 0.39888682745825604 0.014842300556586316 0.025974025974025993
0 0.4063079777365492 0.24118738404452691 0.035868893011750135 0.040816326530612235
0 0.38095238095238093 0.09925788497217068 0.02473716759431042 0.03896103896103896
0 0.5034013605442177 0.14935064935064937 0.039579468150896704 0.04267161410018552
0 0.47186147186147187 0.1929499072356215 0.01360544217687078 0.040816326530612235
0 0.4514533085961658 0.24768089053803344 0.03463203463203463 0.04267161410018556
0 0.45763760049474334 0.3515769944341373 0.02473716759431042 0.03525046382189238
