1 0.14471243042671614 0.634508348794063 0.027210884353741492 0.05565862708719848
1 0.370439084724799 0.741187384044527 0.03339517625231906 0.042671614100185454
1 0.5244279529993815 0.6595547309833024 0.02226345083487942 0.04638218923933216
1 0.6357452071737785 0.6382189239332097 0.04205318491032777 0.04823747680890534
1 0.7606679035250464 0.6641929499072355 0.037105751391465845 0.0371057513914657
1 0.5225726654298083 0.41372912801484235 0.06802721088435376 0.04823747680890534
1 0.39455782312925175 0.26437847866419295 0.054421768707482984 0.11317254174397029
1 0.233147804576376 0.07142857142857142 0.04823747680890534 0.03153988868274581
1 0.6431663574520718 0.30333951762523187 0.02473716759431042 0.03525046382189238
1 0.8039579468150896 0.26716141001855287 0.0346320346320347 0.0705009276437848
