1 0.09956709956709958 0.9174397031539888 0.033395176252319116 0.05751391465677187
1 0.22758194186765615 0.20037105751391465 0.02226345083487942 0.06679035250463819
1 0.4446505875077304 0.22077922077922074 0.016079158936301782 0.025974025974025955
1 0.47247990105132964 0.5454545454545454 0.05689548546691398 0.07792207792207798
1 0.5213358070500927 0.5909090909090909 0.025974025974025993 0.042671614100185454
1 0.5324675324675324 0.6280148423005566 0.05318491032776741 0.024118738404452812
1 0.6883116883116884 0.8784786641929498 0.030921459492888204 0.04638218923933209
1 0.8540507111935683 0.5157699443413729 0.030921459492888062 0.029684601113172563
1 0.8849721706864564 0.3293135435992579 0.030921459492888062 0.08719851576994436
1 0.9492888064316635 0.22634508348794063 0.0705009276437849 0.044526901669758805
