1 0.8342609771181199 0.6252319109461966 0.07297464440321576 0.11131725417439689
1 0.6963512677798392 0.7467532467532467 0.02721088435374156 0.07977736549165115
1 0.5343228200371057 0.5918367346938775 0.027210884353741492 0.051948051948051986
1 0.5089672232529375 0.4897959183673469 0.0383426097711812 0.03339517625231906
1 0.5287569573283859 0.46938775510204084 0.0383426097711812 0.029684601113172563
1 0.5986394557823129 0.25788497217068646 0.03710575139146563 0.06307977736549163
1 0.7322201607915895 0.3339517625231911 0.0321583178726037 0.0705009276437848
1 0.3667285095856524 0.1437847866419295 0.02844774273345706 0.03896103896103897
1 0.3586889301175016 0.07235621521335807 0.03463203463203463 0.033395176252319095
1 0.10636982065553494 0.27829313543599254 0.022263450834879402 0.033395176252319095
