0 0.6487322201607917 0.1456400742115028 0.03339517625231913 0.03896103896103895
0 0.6264687693259121 0.12152133580705009 0.02350030921459499 0.05009276437847866
0 0.26716141001855287 0.8450834879406308 0.02968460111317249 0.04267161410018559
0 0.62152133580705 0.8293135435992579 0.02597402597402592 0.05194805194805184
0 0.440321583178726 0.9888682745825602 0.027210884353741492 0.02226345083487942
0 0.6586270871985158 0.9545454545454546 0.035868893011750204 0.05380333951762537
0 0.6914038342609772 0.9777365491651205 0.01978973407544828 0.025974025974025778
0 0.8534322820037106 0.9851576994434137 0.02721088435374156 0.029684601113172563
0 0.9721706864564007 0.7653061224489796 0.02473716759431042 0.042671614100185454
0 0.9511440940012369 0.7254174397031541 0.0346320346320347 0.04452690166975884
0 0.9542362399505256 0.4025974025974026 0.02844774273345706 0.04452690166975884
0 0.9641311069882499 0.29870129870129875 0.035868893011750204 0.06679035250463826
