0 0.15213358070500926 0.5120593692022264 0.024737167594310473 0.04452690166975884
0 0.4217687074829932 0.42393320964749537 0.02226345083487935 0.04267161410018552
0 0.38280766852195425 0.5871985157699443 0.030921459492888062 0.04267161410018552
0 0.6246134817563389 0.6586270871985158 0.01731601731601735 0.0408163265306122
0 0.6363636363636364 0.7152133580705009 0.01855287569573278 0.05751391465677187
0 0.9202226345083488 0.8432282003710574 0.02968460111317242 0.042671614100185454
0 0.7173778602350032 0.3747680890538034 0.02721088435374142 0.029684601113172563
0 0.9350649350649352 0.2597402597402597 0.02226345083487942 0.055658627087198556
0 0.7495361781076068 0.19944341372912802 0.02473716759431042 0.027829313543599278
0 0.8113790970933827 0.08905380333951764 0.01731601731601728 0.029684601113172535
0 0.5943104514533085 0.1261595547309833 0.016079158936301782 0.033395176252319095
0 0.07915893630179345 0.010204081632653062 0.04700061842918986 0.020408163265306124
