0 0.08967223252937538 0.16233766233766234 0.035868893011750155 0.04267161410018556
0 0.3358070500927644 0.3441558441558442 0.02844774273345699 0.03153988868274588
0 0.40012368583797153 0.4230055658627087 0.03339517625231906 0.0408163265306122
0 0.5064935064935066 0.3274582560296846 0.035868893011750204 0.04267161410018549
0 0.7952999381570811 0.20222634508348797 0.0371057513914657 0.037105751391465665
0 0.6122448979591837 0.8079777365491652 0.027210884353741492 0.04638218923933209
0 0.7223252937538652 0.8794063079777366 0.02721088435374142 0.0371057513914657
0 0.2956091527520099 0.644712430426716 0.019789734075448387 0.042671614100185454
0 0.2572665429808287 0.7792207792207791 0.024737167594310456 0.04452690166975884
0 0.14842300556586271 0.8552875695732838 0.024737167594310456 0.04452690166975884
0 0.37353123067408783 0.8905380333951762 0.02226345083487942 0.0408163265306122
