1 0.34817563388991957 0.6790352504638218 0.02844774273345699 0.15955473098330245
1 0.39641311069882496 0.6985157699443414 0.03339517625231906 0.04638218923933209
1 0.2727272727272727 0.5092764378478664 0.023500309214594922 0.06493506493506494
1 0.29004329004329005 0.2884972170686456 0.03339517625231913 0.03896103896103892
1 0.4174397031539888 0.3228200371057514 0.043290043290043274 0.051948051948051875
1 0.6518243661100804 0.41187384044526903 0.039579468150896774 0.06307977736549163
1 0.6314162028447743 0.49165120593692024 0.04823747680890534 0.06307977736549163
1 0.7439703153988867 0.6419294990723563 0.035868893011750204 0.0371057513914657
1 0.8076685219542361 0.6178107606679035 0.0371057513914657 0.03710575139146563
1 0.7841682127396413 0.5844155844155844 0.03957946815089684 0.02968460111317249
