0 0.04019789734075449 0.8988868274582561 0.02350030921459493 0.03896103896103909
0 0.1453308596165739 0.40538033395176254 0.021026592455163886 0.06493506493506494
0 0.2912801484230056 0.5899814471243043 0.023500309214594957 0.03339517625231913
0 0.29993815708101423 0.6614100185528757 0.02102659245516392 0.03153988868274581
0 0.3995052566481138 0.6595547309833023 0.01978973407544828 0.02782931354359917
0 0.5083487940630798 0.6957328385899814 0.032158317872603634 0.029684601113172563
0 0.6301793444650587 0.8942486085343228 0.03092145949288813 0.0408163265306122
0 0.5299938157081014 0.6456400742115028 0.023500309214594922 0.03339517625231913
0 0.6184291898577612 0.4063079777365492 0.032158317872603565 0.04452690166975877
0 0.7402597402597402 0.5788497217068646 0.01855287569573278 0.04081632653061227
