0 0.23747680890538037 0.7115027829313543 0.019789734075448387 0.06122448979591837
0 0.39455782312925164 0.5844155844155844 0.02473716759431049 0.059369202226345126
0 0.4415584415584415 0.7374768089053804 0.02473716759431049 0.035250463821892314
0 0.46938775510204084 0.8256029684601113 0.01855287569573285 0.03710575139146556
0 0.4576376004947433 0.6623376623376623 0.019789734075448352 0.018552875695732923
0 0.48855905998763144 0.6447124304267162 0.01978973407544828 0.0241187384044526
0 0.5021645021645021 0.5630797773654916 0.027210884353741492 0.024118738404452812
0 0.5800865800865801 0.4007421150278293 0.02721088435374156 0.029684601113172563
0 0.6598639455782314 0.833951762523191 0.016079158936301782 0.04267161410018559
0 0.857761286332715 0.5658627087198517 0.02844774273345692 0.04452690166975877
0 0.9412492269635127 0.8014842300556586 0.04700061842918998 0.04823747680890534
0 0.9313543599257883 0.8933209647495363 0.0420531849103277 0.03896103896103895
