1 0.19666048237476808 0.3970315398886827 0.051948051948051945 0.04452690166975884
1 0.3667285095856524 0.29406307977736545 0.02102659245516392 0.03525046382189242
1 0.30179344465058755 0.5194805194805194 0.027210884353741457 0.07050092764378477
1 0.30550401978973407 0.6122448979591836 0.039579468150896774 0.04452690166975877
1 0.3908472479901052 0.5222634508348795 0.07173778602350027 0.09833024118738401
1 0.4724799010513296 0.8552875695732838 0.05194805194805191 0.059369202226345126
1 0.7111935683364254 0.5871985157699444 0.02721088435374156 0.03896103896103895
1 0.9097093382807668 0.7792207792207791 0.02844774273345706 0.029684601113172563
1 0.8453927025355596 0.5528756957328386 0.04576376004947434 0.04823747680890527
1 0.6784168212739641 0.1725417439703154 0.048237476808905486 0.04823747680890536
