1 0.43537414965986393 0.6595547309833024 0.032158317872603565 0.03153988868274581
1 0.46382189239332094 0.7105751391465677 0.019789734075448352 0.0408163265306122
1 0.43537414965986393 0.5677179962894249 0.054421768707482984 0.13729128014842296
1 0.5367965367965367 0.5194805194805194 0.032158317872603565 0.0408163265306122
1 0.5293753865182436 0.4749536178107606 0.01978973407544842 0.02226345083487942
1 0.603586889301175 0.7625231910946196 0.03710575139146563 0.09276437847866419
1 0.6629560915275201 0.8358070500927645 0.039579468150896704 0.050092764378478594
1 0.6759431045145331 0.5871985157699444 0.05071119356833634 0.027829313543599313
1 0.8249845392702536 0.9740259740259739 0.02721088435374142 0.051948051948051986
1 0.8342609771181199 0.3534322820037106 0.0457637600494742 0.0575139146567718
