1 0.13976499690785407 0.7022263450834879 0.029684601113172546 0.02782931354359917
1 0.20531849103277675 0.6920222634508348 0.027210884353741492 0.04452690166975884
1 0.3623995052566481 0.6521335807050093 0.0371057513914657 0.057513914656771734
1 0.3722943722943723 0.6215213358070502 0.051948051948051986 0.048237476808905416
1 0.3846629560915275 0.4721706864564007 0.02473716759431042 0.06864564007421144
1 0.6944959802102659 0.728200371057514 0.043290043290043344 0.09461966604823757
1 0.8404452690166977 0.8487940630797774 0.01113172541743964 0.02782931354359917
1 0.3568336425479282 0.1975881261595547 0.035868893011750135 0.04267161410018556
1 0.5565862708719851 0.16790352504638217 0.061842918985776194 0.07606679035250466
1 0.8336425479282622 0.1614100185528757 0.014842300556586282 0.0556586270871985
