0 0.1929499072356215 0.3599257884972171 0.024737167594310456 0.05565862708719848
0 0.2380952380952381 0.4842300556586271 0.02844774273345706 0.03339517625231913
0 0.33828076685219544 0.385899814471243 0.030921459492888062 0.03710575139146563
0 0.33766233766233766 0.8024118738404453 0.019789734075448352 0.03896103896103895
0 0.43042671614100186 0.7263450834879407 0.014842300556586282 0.03525046382189245
0 0.5287569573283859 0.8042671614100186 0.025974025974025993 0.03525046382189245
0 0.6561533704390847 0.8107606679035251 0.02102659245516378 0.033395176252319206
0 0.5930735930735931 0.6076066790352505 0.02102659245516385 0.03153988868274581
0 0.7637600494743352 0.901669758812616 0.03586889301175006 0.048237476808905486
0 0.8027210884353742 0.8534322820037105 0.017316017316017424 0.06679035250463826
0 0.7520098948670377 0.45454545454545453 0.02721088435374156 0.05936920222634505
0 0.8373531230674086 0.5797773654916513 0.02226345083487942 0.04267161410018559
