0 0.06369820655534941 0.5686456400742115 0.025974025974025972 0.061224489795918303
0 0.2189239332096475 0.6048237476808906 0.02226345083487942 0.02226345083487935
0 0.24056895485466914 0.37940630797773656 0.01855287569573285 0.03153988868274581
0 0.39208410636982066 0.4322820037105751 0.02226345083487942 0.04452690166975884
0 0.3970315398886828 0.47124304267161404 0.027210884353741492 0.025974025974025993
0 0.5269016697588127 0.437847866419295 0.022263450834879493 0.018552875695732923
0 0.5837971552257266 0.23747680890538037 0.01731601731601728 0.033395176252319095
0 0.660482374768089 0.137291280148423 0.03463203463203456 0.037105751391465665
0 0.75139146567718 0.37755102040816324 0.01607915893630192 0.03153988868274581
0 0.6481137909709338 0.5037105751391465 0.02473716759431049 0.0204081632653061
