1 0.2065553494124923 0.5027829313543599 0.0692640692640693 0.08905380333951761
1 0.23438466295609153 0.23098330241187384 0.025974025974025993 0.07977736549165122
1 0.4471243042671615 0.362708719851577 0.0383426097711812 0.09461966604823743
1 0.5188620902906617 0.5157699443413729 0.02350030921459499 0.06679035250463819
1 0.3469387755102041 0.7096474953617812 0.023500309214594922 0.042671614100185454
1 0.36549165120593696 0.8821892393320965 0.02844774273345699 0.06864564007421152
1 0.7643784786641931 0.5222634508348795 0.029684601113172705 0.05009276437847866
1 0.9313543599257886 0.5936920222634509 0.0371057513914657 0.05565862708719848
1 0.7699443413729128 0.9601113172541744 0.030921459492888062 0.06493506493506501
1 0.19356833642547927 0.5584415584415585 0.0383426097711812 0.04452690166975877
