1 0.13976499690785407 0.18181818181818182 0.029684601113172546 0.06307977736549164
1 0.24551638837353124 0.12244897959183673 0.03586889301175017 0.037105751391465665
1 0.4551638837353123 0.3116883116883117 0.01731601731601728 0.06679035250463823
1 0.4984539270253556 0.2541743970315399 0.03463203463203463 0.07050092764378477
1 0.6066790352504638 0.21243042671614099 0.043290043290043274 0.10946196660482375
1 0.7575757575757575 0.3404452690166975 0.01607915893630192 0.03525046382189238
1 0.8794063079777366 0.6224489795918368 0.02721088435374156 0.06864564007421144
1 0.6351267779839208 0.6753246753246753 0.0432900432900432 0.055658627087198626
1 0.7476808905380335 0.6948051948051949 0.02597402597402592 0.03896103896103895
1 0.5695732838589982 0.7272727272727273 0.025974025974025993 0.040816326530612346
