0 0.018552875695732836 0.2504638218923933 0.027210884353741492 0.06307977736549163
0 0.09709338280766852 0.47124304267161404 0.018552875695732815 0.055658627087198556
0 0.27581941867656157 0.6994434137291282 0.03710575139146574 0.05565862708719848
0 0.4415584415584416 0.8404452690166977 0.029684601113172563 0.051948051948051986
0 0.4662956091527521 0.5825602968460112 0.02473716759431049 0.048237476808905416
0 0.17130488559059992 0.21150278293135436 0.021026592455163886 0.048237476808905375
0 0.2850958565244279 0.1679035250463822 0.016079158936301782 0.03153988868274585
0 0.38899196042053186 0.16326530612244894 0.030921459492888062 0.044526901669758805
0 0.4780457637600495 0.17996289424860856 0.02350030921459485 0.033395176252319095
0 0.7606679035250462 0.40538033395176254 0.02721088435374142 0.02782931354359924
0 0.7532467532467533 0.20964749536178112 0.02226345083487942 0.029684601113172525
0 0.6938775510204082 0.024118738404452687 0.04947433518862084 0.048237476808905375
