1 0.18305504019789734 0.8710575139146567 0.06926406926406925 0.11688311688311699
1 0.2090290661719233 0.5 0.024737167594310456 0.05380333951762523
1 0.3178726035868893 0.3450834879406308 0.027210884353741492 0.04081632653061227
1 0.3568336425479282 0.6094619666048238 0.04081632653061227 0.04638218923933216
1 0.35250463821892397 0.74860853432282 0.029684601113172563 0.03153988868274581
1 0.507730364873222 0.5705009276437848 0.030921459492888062 0.03153988868274581
1 0.7204700061842919 0.8153988868274581 0.023500309214594922 0.057513914656771734
1 0.7470624613481757 0.6076066790352505 0.047000618429189844 0.0575139146567718
1 0.7971552257266543 0.5593692022263451 0.018552875695732923 0.06864564007421152
1 0.860235003092146 0.6122448979591836 0.02102659245516378 0.04452690166975877
