0 0.22634508348794063 0.27922077922077926 0.03463203463203463 0.03525046382189242
0 0.5732838589981447 0.22448979591836735 0.018552875695732923 0.025974025974025993
0 0.7656153370439085 0.2912801484230056 0.01978973407544842 0.03710575139146574
0 0.5745207173778603 0.5445269016697588 0.02102659245516392 0.03525046382189245
0 0.6264687693259122 0.48237476808905383 0.02102659245516392 0.059369202226345126
0 0.71552257266543 0.5055658627087198 0.02597402597402592 0.03525046382189238
0 0.6122448979591837 0.6159554730983302 0.02226345083487935 0.03339517625231913
0 0.5584415584415585 0.7847866419294991 0.03092145949288799 0.025974025974026062
0 0.6004947433518862 0.8172541743970316 0.02844774273345699 0.06493506493506501
0 0.8385899814471245 0.6846011131725418 0.02226345083487942 0.037105751391465845
