0 0.26716141001855287 0.9415584415584416 0.024737167594310456 0.06493506493506501
0 0.21335807050092764 0.7541743970315398 0.02844774273345699 0.03525046382189245
0 0.2009894867037724 0.575139146567718 0.021026592455163886 0.03339517625231913
0 0.47866419294990725 0.8153988868274582 0.02473716759431042 0.03896103896103909
0 0.4965986394557823 0.8794063079777366 0.0383426097711812 0.03339517625231906
0 0.6623376623376623 0.8358070500927645 0.016079158936301782 0.027829313543599313
0 0.7093382807668521 0.7727272727272728 0.023500309214595064 0.03525046382189245
0 0.7786023500309214 0.7124304267161411 0.02102659245516378 0.04452690166975884
0 0.930117501546073 0.7782931354359925 0.02721088435374156 0.05751391465677187
0 0.7674706246134818 0.349721706864564 0.02844774273345692 0.06122448979591837
0 0.4996907854050711 0.4165120593692022 0.02226345083487942 0.03896103896103895
0 0.5299938157081013 0.16697588126159552 0.030921459492888062 0.040816326530612235
