0 0.18491032776747063 0.2708719851576994 0.03339517625231913 0.048237476808905375
0 0.4706246134817563 0.3673469387755102 0.02844774273345699 0.03339517625231913
0 0.5980210265924552 0.33487940630797763 0.01855287569573278 0.02782931354359924
0 0.634508348794063 0.31910946196660483 0.02721088435374142 0.02226345083487942
0 0.6079158936301794 0.3608534322820037 0.023500309214595064 0.02782931354359924
0 0.5405071119356833 0.647495361781076 0.02473716759431042 0.025974025974026062
0 0.36178107606679033 0.7523191094619667 0.043290043290043344 0.027829313543599313
0 0.5281385281385281 0.8107606679035251 0.02473716759431042 0.03339517625231906
0 0.606060606060606 0.885899814471243 0.01731601731601728 0.03896103896103895
0 0.6413110698824984 0.8024118738404453 0.03586889301175006 0.03153988868274595
0 0.6938775510204082 0.5983302411873841 0.02473716759431042 0.03153988868274581
0 0.7829313543599258 0.6205936920222634 0.03463203463203456 0.04638218923933216
