0 0.3401360544217687 0.7680890538033396 0.02473716759431042 0.029684601113172563
0 0.42547928262213974 0.7634508348794065 0.027210884353741492 0.03153988868274581
0 0.4601113172541744 0.7699443413729128 0.019789734075448352 0.03339517625231906
0 0.46938775510204084 0.725417439703154 0.035868893011750204 0.0371057513914657
0 0.45392702535559676 0.5807050092764379 0.032158317872603565 0.051948051948051986
0 0.4341372912801484 0.3840445269016698 0.03463203463203463 0.02226345083487942
0 0.5250463821892393 0.3256029684601113 0.04081632653061213 0.03525046382189238
0 0.5739022881880024 0.2680890538033395 0.032158317872603634 0.06864564007421152
0 0.6233766233766234 0.5547309833024119 0.02473716759431042 0.04081632653061227
0 0.6128633271490415 0.7940630797773656 0.02350030921459485 0.02226345083487942
0 0.7996289424860854 0.7671614100185529 0.02102659245516392 0.04638218923933209
0 0.836734693877551 0.738404452690167 0.023500309214594922 0.03339517625231906
