0 0.2987012987012987 0.362708719851577 0.025974025974025993 0.03525046382189238
0 0.31601731601731603 0.41001855287569566 0.028447742733457026 0.03339517625231913
0 0.27581941867656157 0.8014842300556586 0.027210884353741457 0.051948051948051986
0 0.2918985776128633 0.6595547309833023 0.02226345083487942 0.03525046382189245
0 0.31787260358688935 0.6725417439703153 0.02226345083487942 0.03153988868274595
0 0.41187384044526903 0.5491651205936919 0.029684601113172563 0.05565862708719848
0 0.5114409400123686 0.5027829313543599 0.025974025974026062 0.04452690166975884
0 0.5769944341372912 0.45176252319109467 0.02844774273345692 0.03525046382189238
0 0.5460729746444032 0.7337662337662337 0.025974025974025993 0.06493506493506501
0 0.5114409400123685 0.8775510204081632 0.01855287569573285 0.040816326530612346
0 0.8546691403834261 0.9536178107606679 0.01731601731601728 0.022263450834879562
