1 0.19480519480519484 0.7773654916512059 0.028447742733457026 0.040816326530612346
1 0.36054421768707484 0.8877551020408163 0.02844774273345699 0.04638218923933209
1 0.3586889301175015 0.7671614100185528 0.0371057513914657 0.05009276437847873
1 0.2170686456400742 0.5964749536178108 0.08534322820037105 0.06122448979591844
1 0.5367965367965368 0.7504638218923934 0.02968460111317249 0.03153988868274581
1 0.6221397649969078 0.6335807050092764 0.03710575139146563 0.05009276437847873
1 0.6858379715522572 0.9025974025974025 0.02350030921459478 0.06493506493506487
1 0.6011131725417439 0.5074211502782932 0.047000618429189844 0.06493506493506487
1 0.6307977736549165 0.37662337662337664 0.02721088435374156 0.04452690166975884
1 0.5788497217068646 0.7430426716141002 0.014842300556586282 0.04638218923933209
