0 0.35374149659863946 0.5788497217068646 0.02226345083487942 0.03710575139146563
0 0.39579468150896724 0.5500927643784786 0.029684601113172563 0.020408163265306173
0 0.3995052566481138 0.4786641929499072 0.01731601731601735 0.048237476808905416
0 0.4217687074829932 0.3014842300556586 0.02226345083487935 0.0538033395176252
0 0.6178107606679035 0.33487940630797774 0.02350030921459485 0.06864564007421148
0 0.5627705627705628 0.5148423005565863 0.02721088435374156 0.03525046382189238
0 0.5083487940630798 0.6929499072356216 0.01731601731601735 0.050092764378478594
0 0.49041434755720476 0.7152133580705009 0.01607915893630171 0.020408163265306173
0 0.5974025974025974 0.852504638218924 0.02473716759431042 0.027829313543599313
0 0.6505875077303648 0.9285714285714286 0.02473716759431042 0.03153988868274581
0 0.7136672850958565 0.7690166975881262 0.01978973407544828 0.04638218923933209
