0 0.2888064316635745 0.43413729128014844 0.021026592455163886 0.03339517625231906
0 0.5244279529993815 0.32189239332096475 0.01978973407544842 0.04267161410018549
0 0.33828076685219544 0.7012987012987013 0.02102659245516385 0.029684601113172563
0 0.3568336425479282 0.6827458256029684 0.01855287569573285 0.033395176252319206
0 0.47309833024118736 0.6131725417439704 0.02102659245516392 0.027829313543599313
0 0.45392702535559676 0.7077922077922078 0.02226345083487942 0.04638218923933209
0 0.43042671614100203 0.7448979591836726 0.029684601113172795 0.02411873840445265
0 0.44959802102659246 0.8552875695732838 0.02102659245516392 0.059369202226345126
0 0.5615337043908473 0.7727272727272728 0.042053184910327834 0.05009276437847873
0 0.6598639455782314 0.6066790352504638 0.02844774273345706 0.022263450834879493
0 0.6221397649969078 0.44805194805194803 0.0346320346320347 0.05009276437847866
0 0.821273964131107 0.6168831168831168 0.032158317872603565 0.0575139146567718
