0 0.1743970315398887 0.9526901669758813 0.03463203463203465 0.04638218923933209
0 0.24984539270253556 0.8237476808905381 0.02226345083487942 0.03339517625231906
0 0.35435992578849723 0.7124304267161409 0.02844774273345706 0.0408163265306122
0 0.3995052566481138 0.8079777365491652 0.02473716759431049 0.05380333951762537
0 0.39208410636982066 0.8478664192949907 0.014842300556586282 0.02597402597402592
0 0.3345701917130488 0.41187384044526903 0.02844774273345699 0.029684601113172563
0 0.7118119975262833 0.4322820037105751 0.030921459492888062 0.04081632653061227
0 0.6734693877551021 0.5408163265306122 0.023500309214594922 0.04267161410018566
0 0.6790352504638218 0.8599257884972171 0.02968460111317242 0.06864564007421166
0 0.7631416202844775 0.9294990723562151 0.02968460111317242 0.0371057513914657
0 0.7340754483611626 0.680890538033395 0.01855287569573278 0.0408163265306122
0 0.8589981447124305 0.27736549165120594 0.023500309214594922 0.06493506493506498
