1 0.27396413110698825 0.8747680890538034 0.0284477427334571 0.06493506493506487
1 0.32220160791589364 0.21243042671614099 0.048237476808905416 0.10204081632653061
1 0.36178107606679033 0.8376623376623377 0.016079158936301782 0.03153988868274581
1 0.45269016697588127 0.6001855287569573 0.03463203463203463 0.0575139146567718
1 0.6889301175015461 0.48794063079777367 0.05689548546691398 0.048237476808905486
1 0.6889301175015461 0.3896103896103897 0.03463203463203456 0.05194805194805191
1 0.7687074829931972 0.551948051948052 0.02844774273345706 0.06122448979591844
1 0.6883116883116884 0.8784786641929498 0.02597402597402592 0.04638218923933209
1 0.8231292517006803 0.9090909090909091 0.040816326530612346 0.05194805194805184
1 0.9251700680272108 0.8107606679035251 0.02721088435374142 0.0371057513914657
