0 0.13914656771799627 0.8515769944341374 0.033395176252319116 0.06679035250463812
0 0.20841063698206555 0.8051948051948051 0.030921459492888062 0.0408163265306122
0 0.20470006184291897 0.653061224489796 0.0383426097711812 0.037105751391465845
0 0.39641311069882496 0.7523191094619667 0.02102659245516392 0.027829313543599313
0 0.4217687074829932 0.8181818181818181 0.032158317872603565 0.02597402597402592
0 0.590599876314162 0.8358070500927642 0.023500309214594922 0.03153988868274581
0 0.6889301175015461 0.8423005565862709 0.02226345083487942 0.02226345083487942
0 0.686456400742115 0.8784786641929498 0.02721088435374156 0.050092764378478594
0 0.46938775510204084 0.3682745825602969 0.02844774273345706 0.03153988868274588
0 0.536178107606679 0.30055658627087195 0.02350030921459485 0.055658627087198514
0 0.8849721706864564 0.7087198515769945 0.025974025974026062 0.04452690166975884
0 0.9109461966604823 0.9276437847866419 0.0383426097711812 0.0371057513914657
