1 0.10636982065553495 0.30241187384044527 0.024737167594310456 0.03710575139146563
1 0.17068645640074212 0.45269016697588127 0.04205318491032777 0.051948051948051986
1 0.3982683982683983 0.5417439703153989 0.04452690166975877 0.0371057513914657
1 0.5720470006184292 0.5454545454545454 0.06555349412492269 0.12244897959183675
1 0.49226963512677796 0.7634508348794062 0.05194805194805191 0.04267161410018559
1 0.7649969078540508 0.5473098330241187 0.0482374768089052 0.06679035250463826
1 0.24056895485466917 0.2031539888682746 0.03586889301175017 0.06864564007421152
1 0.4390847247990105 0.2541743970315399 0.04947433518862084 0.044526901669758805
1 0.6209029066171923 0.2430426716141002 0.0420531849103277 0.051948051948051986
1 0.6264687693259121 0.07513914656771799 0.02844774273345699 0.04267161410018552
