1 0.7050092764378479 0.7003710575139146 0.02721088435374142 0.04267161410018559
1 0.5188620902906617 0.46474953617810755 0.03339517625231913 0.06493506493506494
1 0.45578231292517 0.048237476808905375 0.09029066171923311 0.06307977736549165
1 0.7254174397031541 0.19480519480519484 0.030921459492888062 0.044526901669758805
1 0.31972789115646255 0.4842300556586271 0.03586889301175017 0.051948051948051986
1 0.15151515151515152 0.7161410018552877 0.02350030921459494 0.05565862708719848
1 0.0816326530612245 0.1437847866419295 0.04700061842918985 0.0575139146567718
1 0.0977118119975263 0.22634508348794063 0.02721088435374151 0.037105751391465665
1 0.1453308596165739 0.31261595547309834 0.023500309214594922 0.04267161410018552
1 0.7656153370439085 0.6298701298701299 0.0420531849103277 0.03525046382189238
