1 0.1360544217687075 0.7105751391465677 0.01978973407544833 0.05194805194805184
1 0.16388373531230674 0.5194805194805195 0.030921459492888045 0.03339517625231913
1 0.3246753246753247 0.6187384044526902 0.043290043290043274 0.04267161410018566
1 0.32220160791589364 0.40259740259740256 0.040816326530612235 0.1001855287569574
1 0.3302411873840445 0.21799628942486088 0.019789734075448352 0.04638218923933209
1 0.5448361162646876 0.18645640074211503 0.050711193568336484 0.09461966604823745
1 0.6413110698824985 0.41465677179962895 0.0408163265306122 0.0575139146567718
1 0.6876932591218305 0.6929499072356216 0.061842918985776124 0.05380333951762537
1 0.8410636982065555 0.8487940630797774 0.017316017316017424 0.02411873840445267
1 0.8311688311688311 0.16790352504638217 0.014842300556586282 0.06122448979591835
