1 0.41558441558441556 0.036178107606679034 0.08905380333951768 0.07235621521335807
1 0.14285714285714285 0.163265306122449 0.04576376004947433 0.07421150278293133
1 0.3939393939393939 0.23469387755102042 0.030921459492888062 0.03896103896103895
1 0.5708101422387136 0.1836734693877551 0.03339517625231913 0.06307977736549165
1 0.3685837971552257 0.6512059369202226 0.03710575139146563 0.07050092764378477
1 0.5132962275819419 0.4452690166975881 0.027210884353741492 0.029684601113172563
1 0.575139146567718 0.6298701298701299 0.02721088435374156 0.06864564007421166
1 0.7074829931972789 0.585343228200371 0.032158317872603565 0.046382189239332024
1 0.7742733457019171 0.6753246753246753 0.02968460111317242 0.0371057513914657
1 0.9004329004329006 0.48701298701298695 0.039579468150896704 0.04267161410018552
