1 0.3692022263450835 0.5074211502782932 0.07050092764378477 0.09833024118738408
1 0.33889919604205315 0.8413729128014842 0.02473716759431049 0.04638218923933195
1 0.5553494124922697 0.653061224489796 0.04452690166975884 0.048237476808905416
1 0.43413729128014844 0.461038961038961 0.02473716759431042 0.04267161410018559
1 0.39208410636982066 0.37198515769944335 0.02721088435374156 0.04267161410018552
1 0.24056895485466911 0.3116883116883117 0.03834260977118117 0.05565862708719848
1 0.6932591218305504 0.42486085343228197 0.03834260977118106 0.05194805194805191
1 0.5912183055040198 0.8126159554730984 0.027210884353741492 0.0371057513914657
1 0.7402597402597402 0.8664192949907235 0.05318491032776748 0.04452690166975884
1 0.8274582560296847 0.9257884972170686 0.0346320346320347 0.059369202226345126
