1 0.06802721088435375 0.22634508348794063 0.06926406926406926 0.09647495361781079
1 0.16759431045145332 0.4016697588126159 0.023500309214594922 0.05009276437847866
1 0.19666048237476808 0.4573283858998145 0.02226345083487942 0.03896103896103895
1 0.34260977118119973 0.1168831168831169 0.039579468150896704 0.05194805194805193
1 0.7965367965367967 0.23840445269016697 0.029684601113172705 0.0575139146567718
1 0.7990105132962276 0.4118738404452691 0.029684601113172563 0.04452690166975877
1 0.5405071119356833 0.5185528756957328 0.027210884353741492 0.053803339517625164
1 0.4168212739641311 0.7940630797773655 0.04205318491032777 0.03710575139146556
1 0.5615337043908473 0.7810760667903526 0.029684601113172632 0.02597402597402592
1 0.6171923314780458 0.6094619666048238 0.014842300556586282 0.03153988868274581
