1 0.2476506357103372 0.5049751243781094 0.0265339966832504 0.04809286898839147
1 0.3537866224433388 0.3399668325041459 0.022111663902708686 0.03648424543946931
1 0.4466556108347153 0.8515754560530681 0.04422332780541737 0.04145936981757885
1 0.595909342177999 0.8980099502487562 0.030956329463792117 0.021558872305141107
1 0.6158098396904367 0.8507462686567163 0.04201216141514656 0.0696517412935323
1 0.46655610834715316 0.49585406301824214 0.06633499170812605 0.07296849087893861
1 0.6826976229961303 0.3706467661691542 0.034273079049198574 0.058043117744610344
1 0.7810945273631841 0.45936981757877277 0.018794914317302302 0.04311774461028186
1 0.8297401879491432 0.6857379767827528 0.04975124378109456 0.09452736318407964
1 0.7142067440574903 0.8076285240464345 0.024322830292979488 0.023217247097844052
