0 0.3085961657390229 0.8617810760667903 0.023500309214594884 0.027829313543599313
0 0.4619666048237477 0.8079777365491652 0.01855287569573278 0.02411873840445267
0 0.5306122448979592 0.8172541743970315 0.027210884353741492 0.03153988868274581
0 0.601113172541744 0.699443413729128 0.02473716759431042 0.04452690166975884
0 0.41249226963512675 0.5222634508348795 0.02597402597402592 0.03153988868274595
0 0.3667285095856525 0.3432282003710575 0.025974025974025993 0.0371057513914657
0 0.45454545454545453 0.1818181818181818 0.0383426097711812 0.051948051948051945
0 0.4799010513296227 0.25788497217068646 0.032158317872603634 0.048237476808905375
0 0.510204081632653 0.28293135435992584 0.03092145949288799 0.06122448979591837
0 0.821273964131107 0.914656771799629 0.03463203463203456 0.029684601113172563
0 0.8293135435992579 0.7402597402597402 0.02102659245516392 0.04452690166975884
0 0.8818800247371675 0.5166975881261595 0.02968460111317242 0.03153988868274581
