0 0.19666048237476808 0.9545454545454546 0.017316017316017316 0.035250463821892314
0 0.2727272727272727 0.23283858998144713 0.025974025974025993 0.06122448979591837
0 0.3395176252319109 0.3840445269016698 0.02597402597402592 0.02226345083487942
0 0.37600494743351887 0.29035250463821893 0.01731601731601728 0.03896103896103899
0 0.37291280148423006 0.6818181818181819 0.02102659245516392 0.027829313543599313
0 0.4124922696351268 0.9350649350649352 0.03092145949288813 0.03339517625231906
0 0.5256648113790972 0.7328385899814471 0.024737167594310563 0.055658627087198626
0 0.6382189239332097 0.7634508348794062 0.029684601113172563 0.02411873840445267
0 0.6833642547928263 0.5584415584415585 0.016079158936301782 0.03339517625231913
0 0.7656153370439085 0.5705009276437848 0.02968460111317242 0.0575139146567718
0 0.6777983920841063 0.336734693877551 0.02473716759431042 0.03896103896103895
0 0.6573902288188003 0.25881261595547306 0.023500309214594922 0.03153988868274585
