1 0.1805813234384663 0.1261595547309833 0.07421150278293136 0.025974025974025972
1 0.4050711193568336 0.24025974025974026 0.035868893011750204 0.03525046382189238
1 0.22634508348794063 0.6400742115027829 0.019789734075448387 0.04452690166975877
1 0.178726035868893 0.7115027829313543 0.021026592455163886 0.050092764378478594
1 0.4625850340136054 0.1743970315398887 0.029684601113172563 0.10389610389610392
1 0.4613481756338899 0.336734693877551 0.054421768707482984 0.03896103896103895
1 0.7012987012987014 0.39239332096474955 0.0371057513914657 0.07606679035250466
1 0.8206555349412491 0.31539888682745826 0.023500309214594922 0.029684601113172525
1 0.5967841682127396 0.74860853432282 0.050711193568336414 0.07977736549165115
1 0.7730364873222015 0.7931354359925789 0.02226345083487942 0.024118738404452812
