0 0.14038342609771182 0.5139146567717997 0.02350030921459494 0.029684601113172563
0 0.274582560296846 0.819109461966605 0.03710575139146563 0.03525046382189245
0 0.3982683982683983 0.7087198515769945 0.01731601731601728 0.059369202226345126
0 0.41496598639455784 0.35528756957328383 0.023500309214594922 0.05009276437847866
0 0.4805194805194805 0.47309833024118736 0.02102659245516392 0.04823747680890534
0 0.572665429808287 0.7680890538033396 0.019789734075448352 0.022263450834879562
0 0.5739022881880025 0.8070500927643784 0.014842300556586353 0.06307977736549163
0 0.5837971552257266 0.7059369202226344 0.02473716759431042 0.02411873840445267
0 0.6153370439084724 0.6846011131725418 0.02350030921459499 0.025974025974025778
0 0.6505875077303648 0.7124304267161409 0.01978973407544842 0.0371057513914657
0 0.7649969078540508 0.572356215213358 0.02102659245516392 0.02782931354359924
0 0.8299319727891157 0.5834879406307978 0.02721088435374156 0.0575139146567718
