1 0.1552257266542981 0.7235621521335807 0.02350030921459494 0.059369202226345126
1 0.4996907854050711 0.6808905380333953 0.03957946815089663 0.04452690166975884
1 0.5324675324675324 0.6076066790352505 0.08534322820037112 0.08348794063079773
1 0.6468769325912183 0.4647495361781076 0.02968460111317249 0.03153988868274581
1 0.8324056895485467 0.5380333951762524 0.02968460111317242 0.0742115027829314
1 0.7854050711193569 0.2894248608534323 0.039579468150896704 0.037105751391465665
1 0.5324675324675324 0.11317254174397032 0.04081632653061213 0.07421150278293137
1 0.3147804576376005 0.1836734693877551 0.030921459492888062 0.07050092764378478
1 0.3599257884972171 0.0862708719851577 0.04452690166975877 0.03896103896103896
1 0.21150278293135436 0.15584415584415584 0.03463203463203463 0.048237476808905395
