1 0.08039579468150898 0.15120593692022263 0.0272108843537415 0.05009276437847863
1 0.18552875695732837 0.7922077922077922 0.06679035250463823 0.0705009276437849
1 0.2028447742733457 0.7189239332096474 0.03957946815089674 0.02782931354359917
1 0.2282003710575139 0.3302411873840445 0.033395176252319095 0.09276437847866419
1 0.43475572047000616 0.4536178107606679 0.05318491032776748 0.03153988868274581
1 0.3586889301175015 0.6205936920222634 0.012368583797155282 0.042671614100185454
1 0.6635745207173778 0.35064935064935066 0.030921459492888062 0.051948051948051986
1 0.735930735930736 0.4220779220779221 0.029684601113172563 0.07606679035250466
1 0.7915893630179345 0.8237476808905381 0.012368583797155282 0.04081632653061206
1 0.8144712430426716 0.8293135435992579 0.03339517625231906 0.018552875695732923
