0 0.17810760667903522 0.40538033395176254 0.022263450834879385 0.05009276437847866
0 0.32343846629560913 0.8970315398886828 0.02597402597402592 0.03525046382189245
0 0.39641311069882496 0.735621521335807 0.030921459492888062 0.024118738404452812
0 0.40383426097711805 0.7040816326530611 0.01855287569573285 0.06493506493506473
0 0.49103277674706247 0.6660482374768089 0.02226345083487935 0.02226345083487942
0 0.5689548546691404 0.6298701298701299 0.01731601731601728 0.03525046382189238
0 0.7204700061842918 0.7643784786641931 0.030921459492888062 0.0371057513914657
0 0.4273345701917131 0.310760667903525 0.025974025974025993 0.03525046382189238
0 0.466295609152752 0.326530612244898 0.029684601113172563 0.051948051948051875
0 0.6202844774273345 0.2690166975881262 0.030921459492888062 0.048237476808905375
0 0.6988249845392701 0.35807050092764375 0.02721088435374142 0.02597402597402592
0 0.6895485466914039 0.1326530612244898 0.033395176252319206 0.05380333951762523
