1 0.2016079158936302 0.49257884972170685 0.03463203463203463 0.04638218923933209
1 0.2714904143475572 0.14285714285714288 0.025974025974025955 0.07792207792207793
1 0.27087198515769945 0.45269016697588127 0.02473716759431042 0.059369202226345126
1 0.39332096474953615 0.2680890538033395 0.02226345083487942 0.02411873840445267
1 0.4205318491032777 0.5157699443413729 0.02226345083487942 0.04823747680890534
1 0.505256648113791 0.7096474953617811 0.07297464440321583 0.10946196660482371
1 0.6765615337043909 0.6920222634508348 0.01731601731601728 0.04081632653061206
1 0.6357452071737786 0.572356215213358 0.02473716759431042 0.046382189239332024
1 0.5949288806431663 0.4619666048237477 0.032158317872603634 0.025974025974025993
1 0.7217068645640075 0.33580705009276435 0.033395176252319206 0.029684601113172563
