1 0.1100803957946815 0.46938775510204084 0.02721088435374151 0.059369202226345126
1 0.1805813234384663 0.10111317254174398 0.019789734075448352 0.05380333951762524
1 0.24860853432282007 0.577922077922078 0.0321583178726036 0.035250463821892314
1 0.43351886209029067 0.40816326530612246 0.08781694495980204 0.051948051948051986
1 0.4941249226963512 0.689239332096475 0.01855287569573285 0.027829313543599313
1 0.6765615337043909 0.758812615955473 0.0346320346320347 0.08534322820037105
1 0.7631416202844774 0.26437847866419295 0.04205318491032784 0.05380333951762523
1 0.5831787260358688 0.29035250463821893 0.050711193568336484 0.04267161410018549
1 0.38095238095238093 0.2680890538033395 0.029684601113172563 0.05009276437847866
1 0.5983428596090499 0.45477734579599527 0.026657564583413347 0.03427401160724564
