1 0.09276437847866419 0.4842300556586271 0.022263450834879402 0.051948051948051986
1 0.3673469387755102 0.3896103896103897 0.0766852195423624 0.048237476808905416
1 0.21026592455163887 0.6224489795918366 0.0321583178726036 0.03896103896103895
1 0.48732220160791584 0.7291280148423006 0.02226345083487942 0.05194805194805184
1 0.4953617810760668 0.8784786641929498 0.02102659245516392 0.04267161410018559
1 0.34137291280148424 0.8079777365491652 0.01731601731601728 0.035250463821892314
1 0.8998144712430427 0.5714285714285714 0.06060606060606062 0.04823747680890534
1 0.880643166357452 0.7875695732838591 0.02473716759431042 0.06122448979591852
1 0.8101422387136672 0.9081632653061225 0.032158317872603565 0.07235621521335815
1 0.38899196042053186 0.6363636363636364 0.030921459492888062 0.02597402597402592
