1 0.217687074829932 0.5760667903525046 0.037105751391465665 0.0500927643784788
1 0.18923933209647495 0.3302411873840445 0.08658008658008659 0.055658627087198514
1 0.3327149041434756 0.16233766233766234 0.04452690166975884 0.07977736549165121
1 0.4625850340136054 0.4397031539888683 0.02721088435374142 0.05194805194805191
1 0.2665429808286951 0.5306122448979592 0.033395176252319095 0.02968460111317249
1 0.658008658008658 0.35714285714285715 0.02226345083487942 0.03896103896103895
1 0.6740878169449599 0.3079777365491651 0.032158317872603565 0.051948051948051986
1 0.7755102040816326 0.22170686456400746 0.03463203463203456 0.03525046382189242
1 0.7810760667903526 0.6994434137291279 0.02844774273345692 0.0371057513914657
1 0.8064316635745206 0.5909090909090908 0.039579468150896704 0.09090909090909094
