0 0.3073593073593074 0.4573283858998145 0.02597402597402592 0.06122448979591837
0 0.29004329004329005 0.6066790352504637 0.025974025974025993 0.05565862708719848
0 0.34446505875077305 0.5575139146567718 0.01855287569573285 0.03525046382189245
0 0.601113172541744 0.3914656771799629 0.02473716759431042 0.025974025974025993
0 0.5095856524427953 0.5742115027829314 0.014842300556586353 0.02782931354359924
0 0.5578231292517007 0.6781076066790354 0.01484230055658621 0.03525046382189245
0 0.6190476190476191 0.6743970315398886 0.023500309214594922 0.02411873840445267
0 0.6709956709956711 0.5352504638218923 0.013605442176870639 0.03896103896103895
0 0.6907854050711194 0.5018552875695733 0.01855287569573278 0.04638218923933209
0 0.7291280148423006 0.3849721706864564 0.016079158936301782 0.03896103896103895
0 0.7711811997526283 0.8812615955473098 0.02597402597402592 0.07050092764378477
0 0.8812615955473098 0.7263450834879407 0.0383426097711812 0.03525046382189245
