0 0.36549165120593685 0.18274582560296845 0.025974025974025993 0.05380333951762523
0 0.30241187384044527 0.5157699443413729 0.02102659245516392 0.06307977736549163
0 0.5095856524427953 0.38311688311688313 0.02226345083487942 0.04267161410018552
0 0.5083487940630798 0.5380333951762524 0.01731601731601735 0.037105751391465776
0 0.559678416821274 0.6669758812615956 0.02844774273345706 0.02411873840445267
0 0.5800865800865801 0.7096474953617811 0.02473716759431042 0.03153988868274581
0 0.5943104514533085 0.7736549165120593 0.01855287569573285 0.0371057513914657
0 0.7804576376004948 0.87569573283859 0.01484230055658614 0.02597402597402592
0 0.9332096474953617 0.8423005565862709 0.01855287569573278 0.033395176252319206
0 0.9276437847866419 0.6205936920222634 0.02473716759431042 0.02782931354359917
