1 0.20222634508348794 0.4480519480519481 0.025974025974025993 0.05380333951762523
1 0.287569573283859 0.4072356215213358 0.033395176252319095 0.12059369202226343
1 0.3339517625231911 0.35807050092764386 0.02226345083487942 0.04452690166975877
1 0.5912183055040198 0.11317254174397032 0.02226345083487935 0.037105751391465686
1 0.603586889301175 0.09833024118738404 0.01731601731601728 0.044526901669758825
1 0.5528756957328386 0.2189239332096475 0.032158317872603565 0.04452690166975884
1 0.6091527520098948 0.24211502782931354 0.02350030921459499 0.03525046382189235
1 0.5899814471243043 0.3246753246753247 0.04452690166975877 0.025974025974025993
1 0.608534322820037 0.4424860853432282 0.02721088435374142 0.020408163265306173
1 0.7792207792207794 0.4647495361781077 0.02473716759431042 0.03525046382189238
