0 0.25788497217068646 0.9025974025974025 0.01855287569573285 0.03896103896103895
0 0.4415584415584415 0.7328385899814472 0.032158317872603634 0.029684601113172705
0 0.5460729746444032 0.87569573283859 0.025974025974025993 0.037105751391465845
0 0.658008658008658 0.8339517625231911 0.02968460111317242 0.05380333951762523
0 0.5064935064935064 0.6846011131725418 0.016079158936301782 0.025974025974025778
0 0.5188620902906618 0.6447124304267162 0.030921459492888062 0.03153988868274588
0 0.29622758194186766 0.3692022263450835 0.030921459492888062 0.06307977736549163
0 0.3778602350030921 0.46382189239332094 0.03339517625231906 0.04081632653061227
0 0.49783549783549785 0.39332096474953615 0.02844774273345706 0.0630797773654917
0 0.6951144094001236 0.17810760667903527 0.0420531849103277 0.05936920222634507
0 0.722943722943723 0.27087198515769945 0.03339517625231906 0.051948051948051986
0 0.8064316635745208 0.336734693877551 0.01978973407544828 0.02411873840445267
