0 0.2844774273345702 0.30519480519480524 0.03463203463203463 0.06122448979591841
0 0.37105751391465674 0.35250463821892397 0.02473716759431049 0.03710575139146563
0 0.29622758194186766 0.7504638218923934 0.023500309214594922 0.03153988868274581
0 0.4434137291280148 0.8098330241187384 0.02102659245516392 0.03896103896103895
0 0.518243661100804 0.40816326530612246 0.02721088435374142 0.04452690166975884
0 0.562152133580705 0.15398886827458255 0.030921459492888062 0.04452690166975879
0 0.8293135435992579 0.33209647495361777 0.040816326530612346 0.04823747680890534
0 0.6672850958565243 0.6289424860853433 0.02102659245516392 0.029684601113172563
0 0.5862708719851578 0.8191094619666047 0.022263450834879493 0.06493506493506487
0 0.6029684601113172 0.9703153988868274 0.02844774273345692 0.0371057513914657
0 0.7179962894248609 0.819109461966605 0.02102659245516392 0.02782931354359917
0 0.8051948051948052 0.8571428571428572 0.024737167594310563 0.02968460111317242
