0 0.16635745207173777 0.5037105751391466 0.021026592455163886 0.04267161410018552
0 0.10946196660482375 0.05936920222634509 0.04329004329004329 0.029684601113172553
0 0.3518862090290662 0.34044526901669764 0.02102659245516385 0.05380333951762523
0 0.4205318491032777 0.28385899814471244 0.02226345083487942 0.02968460111317249
0 0.4168212739641311 0.3116883116883117 0.01731601731601728 0.018552875695732815
0 0.4149659863945578 0.3404452690166974 0.013605442176870796 0.03896103896103903
0 0.5584415584415584 0.3961038961038961 0.025974025974025993 0.03153988868274581
0 0.6734693877551021 0.41558441558441556 0.023500309214594922 0.05565862708719848
0 0.6759431045145331 0.4489795918367347 0.030921459492888062 0.02226345083487942
0 0.6623376623376623 0.47959183673469385 0.02102659245516378 0.053803339517625164
0 0.546691403834261 0.5769944341372912 0.02473716759431042 0.025974025974025993
0 0.5120593692022264 0.6614100185528757 0.029684601113172563 0.03153988868274581
