0 0.03339517625231911 0.05102040816326531 0.024737167594310452 0.07235621521335805
0 0.22139764996907854 0.33487940630797774 0.019789734075448352 0.04638218923933209
0 0.26097711811997526 0.5324675324675324 0.037105751391465665 0.04452690166975877
0 0.33457019171304886 0.3506493506493507 0.02102659245516392 0.03339517625231913
0 0.36054421768707484 0.3608534322820037 0.02844774273345699 0.0204081632653061
0 0.5497835497835497 0.35807050092764375 0.01855287569573285 0.02597402597402592
0 0.6190476190476191 0.2495361781076067 0.01607915893630185 0.03896103896103899
0 0.6004947433518862 0.4016697588126159 0.01855287569573285 0.03525046382189238
0 0.5367965367965368 0.5213358070500927 0.02473716759431042 0.04081632653061227
0 0.5609152752009895 0.48608534322820035 0.023500309214594922 0.037105751391465776
0 0.5943104514533085 0.5677179962894249 0.03339517625231913 0.051948051948051986
0 0.6320346320346321 0.5640074211502782 0.02226345083487942 0.04452690166975877
