0 0.08225108225108226 0.32003710575139144 0.02844774273345701 0.04267161410018556
0 0.1150278293135436 0.4109461966604824 0.027210884353741475 0.05380333951762523
0 0.16079158936301796 0.3181818181818182 0.027210884353741457 0.03153988868274585
0 0.23067408781694496 0.5491651205936922 0.01855287569573285 0.02226345083487935
0 0.3692022263450835 0.4990723562152134 0.023500309214594922 0.02968460111317249
0 0.31910946196660483 0.7263450834879406 0.02473716759431042 0.05751391465677187
0 0.35745207173778604 0.6484230055658629 0.02473716759431042 0.03153988868274588
0 0.546691403834261 0.1836734693877551 0.014842300556586282 0.033395176252319095
0 0.7272727272727272 0.23191094619666047 0.02226345083487942 0.025974025974025955
0 0.7705627705627706 0.30705009276437845 0.02226345083487928 0.03525046382189238
