1 0.5782312925170069 0.20593692022263452 0.030921459492888062 0.04081632653061227
1 0.8126159554730984 0.45083487940630795 0.051948051948051986 0.0408163265306122
1 0.47186147186147187 0.4285714285714286 0.0383426097711812 0.10389610389610389
1 0.2844774273345702 0.3951762523191094 0.019789734075448387 0.02968460111317249
1 0.41929499072356213 0.7003710575139146 0.02473716759431042 0.050092764378478594
1 0.531230674087817 0.7829313543599258 0.06802721088435376 0.02597402597402592
1 0.5497835497835498 0.7458256029684601 0.0408163265306122 0.06307977736549163
1 0.5708101422387136 0.8116883116883118 0.01360544217687078 0.012987012987013031
1 0.7402597402597402 0.7643784786641931 0.02597402597402592 0.029684601113172705
1 0.8089053803339518 0.8441558441558442 0.04452690166975884 0.10018552875695746
