0 0.07977736549165121 0.1614100185528757 0.021026592455163886 0.0371057513914657
0 0.3358070500927644 0.32096474953617815 0.02844774273345699 0.040816326530612235
0 0.4118738404452691 0.2235621521335807 0.032158317872603634 0.03525046382189242
0 0.3623995052566481 0.34786641929499074 0.02473716759431042 0.02411873840445267
0 0.35250463821892397 0.42486085343228197 0.029684601113172563 0.055658627087198556
0 0.2560296846011132 0.6567717996289424 0.014842300556586282 0.04081632653061227
0 0.4180581323438466 0.771799628942486 0.01484230055658621 0.0371057513914657
0 0.5040197897340755 0.575139146567718 0.01607915893630185 0.0371057513914657
0 0.531230674087817 0.48608534322820035 0.02102659245516392 0.0408163265306122
0 0.634508348794063 0.5871985157699443 0.02226345083487942 0.03153988868274581
0 0.653061224489796 0.7569573283858998 0.024737167594310563 0.029684601113172563
0 0.4978354978354978 0.8163265306122449 0.01855287569573278 0.0371057513914657
