0 0.29684601113172543 0.40538033395176254 0.019789734075448387 0.04267161410018552
0 0.4069264069264069 0.33302411873840443 0.04205318491032784 0.04267161410018552
0 0.46876932591218307 0.6001855287569573 0.02721088435374156 0.0538033395176253
0 0.29375386518243657 0.5166975881261595 0.021026592455163886 0.03153988868274581
0 0.28014842300556586 0.7987012987012986 0.025974025974025955 0.020408163265306173
0 0.3661100803957947 0.9294990723562152 0.0346320346320347 0.04452690166975884
0 0.5083487940630798 0.6873840445269016 0.02226345083487935 0.02411873840445267
0 0.7136672850958565 0.6131725417439704 0.02721088435374156 0.027829313543599313
0 0.6963512677798391 0.7337662337662337 0.01731601731601728 0.03896103896103895
0 0.7247990105132962 0.836734693877551 0.03957946815089684 0.0408163265306122
0 0.9579468150896722 0.6512059369202227 0.030921459492888062 0.03710575139146563
0 0.8571428571428572 0.4536178107606679 0.0321583178726037 0.04638218923933209
