1 0.1614100185528757 0.62708719851577 0.023500309214594922 0.05194805194805191
1 0.20531849103277672 0.09090909090909091 0.044526901669758805 0.04452690166975882
1 0.2628324056895485 0.3042671614100185 0.048237476808905375 0.04823747680890534
1 0.3951762523191094 0.19480519480519484 0.02844774273345699 0.029684601113172525
1 0.4718614718614718 0.5714285714285714 0.06060606060606055 0.040816326530612346
1 0.7309833024118737 0.7124304267161409 0.02473716759431042 0.07792207792207805
1 0.8157081014223871 0.41929499072356213 0.055658627087198626 0.04452690166975884
1 0.6320346320346321 0.29035250463821893 0.032158317872603565 0.03153988868274581
1 0.6709956709956711 0.19944341372912802 0.050711193568336484 0.13172541743970315
1 0.5200989486703772 0.20593692022263452 0.05071119356833634 0.0371057513914657
