0 0.1978973407544836 0.3181818181818182 0.029684601113172525 0.05009276437847866
0 0.21150278293135436 0.5538033395176253 0.0321583178726036 0.0575139146567718
0 0.30550401978973407 0.6243042671614101 0.019789734075448387 0.03153988868274595
0 0.4205318491032777 0.5296846011131726 0.02226345083487942 0.027829313543599313
0 0.4267161410018553 0.5083487940630798 0.02226345083487942 0.025974025974025993
0 0.4564007421150278 0.5064935064935066 0.01484230055658621 0.04081632653061227
0 0.5664811379097094 0.5890538033395176 0.01236858379715521 0.02782931354359917
0 0.6815089672232528 0.33766233766233766 0.039579468150896704 0.03710575139146563
0 0.733457019171305 0.6614100185528758 0.02473716759431042 0.042671614100185454
0 0.5633889919604205 0.8320964749536178 0.03586889301175027 0.050092764378478594
0 0.6598639455782314 0.8766233766233766 0.01855287569573278 0.04638218923933209
0 0.6233766233766234 0.9582560296846012 0.019789734075448352 0.03525046382189245
