1 0.18676561533704392 0.37755102040816324 0.04205318491032777 0.0946196660482375
1 0.18491032776747063 0.5482374768089053 0.03339517625231913 0.03153988868274581
1 0.27829313543599254 0.6558441558441558 0.03710575139146574 0.03896103896103902
1 0.5782312925170068 0.6948051948051948 0.023500309214594922 0.04267161410018559
1 0.7167594310451455 0.48237476808905383 0.02844774273345692 0.055658627087198556
1 0.6468769325912183 0.34879406307977734 0.047000618429189844 0.08905380333951761
1 0.5170068027210885 0.1391465677179963 0.03463203463203463 0.048237476808905375
1 0.3995052566481138 0.1836734693877551 0.039579468150896704 0.08534322820037107
1 0.3784786641929499 0.12337662337662338 0.027210884353741492 0.05009276437847868
1 0.29993815708101423 0.23191094619666047 0.023500309214594884 0.033395176252319095
