1 0.11811997526283241 0.7476808905380335 0.028447742733457026 0.0371057513914657
1 0.12059369202226346 0.3209647495361781 0.03092145949288808 0.037105751391465665
1 0.30983302411873836 0.23747680890538037 0.028447742733457026 0.040816326530612235
1 0.4298082869511441 0.2393320964749536 0.06555349412492269 0.08534322820037105
1 0.47000618429189855 0.3079777365491651 0.027210884353741492 0.05936920222634509
1 0.36611008039579473 0.562152133580705 0.02968460111317249 0.04452690166975884
1 0.2980828695114409 0.489795918367347 0.02226345083487942 0.07050092764378484
1 0.683982683982684 0.48886827458256027 0.029684601113172563 0.03896103896103895
1 0.6914038342609772 0.699443413729128 0.02721088435374142 0.0779220779220779
1 0.5176252319109461 0.24211502782931354 0.02102659245516392 0.02411873840445267
