0 0.28571428571428575 0.3098330241187384 0.02226345083487942 0.05936920222634505
0 0.33147804576376005 0.24397031539888683 0.027210884353741527 0.04267161410018552
0 0.38651824366110077 0.31632653061224486 0.016079158936301782 0.03525046382189242
0 0.5522572665429808 0.2792207792207792 0.023500309214594922 0.03153988868274581
0 0.6351267779839209 0.26994434137291284 0.016079158936301782 0.02782931354359924
0 0.6889301175015461 0.31910946196660483 0.029684601113172563 0.025974025974026028
0 0.46938775510204084 0.5742115027829313 0.023500309214594922 0.04267161410018552
0 0.5139146567717997 0.666048237476809 0.03092145949288813 0.04452690166975884
0 0.44650587507730366 0.7467532467532467 0.03463203463203463 0.035250463821892314
0 0.7340754483611627 0.8191094619666047 0.04823747680890534 0.050092764378478594
0 0.7161410018552875 0.9192949907235621 0.01731601731601728 0.03525046382189245
