0 0.24613481756338898 0.7337662337662337 0.02473716759431049 0.03153988868274581
0 0.2980828695114409 0.6669758812615956 0.027210884353741492 0.05751391465677187
0 0.3469387755102041 0.6168831168831168 0.035868893011750135 0.04267161410018559
0 0.53865182436611 0.3998144712430427 0.035868893011750204 0.027829313543599313
0 0.4897959183673469 0.23469387755102042 0.0371057513914657 0.04267161410018556
0 0.43166357452071735 0.8543599257884972 0.019789734075448352 0.02411873840445267
0 0.5275200989486705 0.8200371057513915 0.030921459492888062 0.029684601113172563
0 0.6060606060606061 0.7671614100185528 0.029684601113172632 0.06122448979591852
0 0.6598639455782314 0.7903525046382189 0.030921459492888062 0.029684601113172563
0 0.6369820655534941 0.9285714285714286 0.032158317872603565 0.027829313543599313
0 0.8076685219542362 0.9109461966604823 0.014842300556586282 0.051948051948051986
0 0.8979591836734694 0.8116883116883116 0.014842300556586282 0.04638218923933223
