1 0.27581941867656157 0.23840445269016697 0.06926406926406926 0.06122448979591841
1 0.6536796536796536 0.23562152133580702 0.030921459492888062 0.025974025974025955
1 0.6629560915275201 0.21150278293135436 0.03463203463203456 0.025974025974025993
1 0.29004329004329005 0.5463821892393321 0.008658008658008712 0.03153988868274588
1 0.2337662337662338 0.6743970315398886 0.017316017316017316 0.061224489795918234
1 0.3364254792826222 0.9378478664192949 0.02226345083487935 0.057513914656771734
1 0.6876932591218307 0.7523191094619665 0.08163265306122454 0.057513914656771734
1 0.7557204700061843 0.6187384044526902 0.05689548546691398 0.04267161410018566
1 0.7915893630179346 0.7244897959183675 0.02473716759431042 0.04638218923933223
1 0.8033395176252318 0.8218923933209648 0.03339517625231906 0.10760667903525047
