0 0.08286951144094001 0.4109461966604823 0.029684601113172525 0.03525046382189238
0 0.26159554730983303 0.26159554730983303 0.02844774273345699 0.04823747680890534
0 0.5683364254792825 0.13914656771799627 0.02102659245516392 0.044526901669758825
0 0.7093382807668521 0.3803339517625232 0.02102659245516392 0.029684601113172563
0 0.7934446505875077 0.5315398886827458 0.025974025974026062 0.03153988868274581
0 0.9264069264069263 0.05658627087198516 0.0346320346320347 0.03153988868274582
0 0.9449598021026592 0.09276437847866419 0.01978973407544842 0.040816326530612256
0 0.9548546691403834 0.18552875695732837 0.02226345083487928 0.029684601113172525
0 0.9795918367346939 0.15306122448979592 0.02226345083487928 0.061224489795918394
0 0.9740259740259739 0.3803339517625231 0.02597402597402592 0.048237476808905416
