0 0.33271490414347554 0.4183673469387755 0.02226345083487935 0.03525046382189238
0 0.4075448361162647 0.47588126159554733 0.02102659245516392 0.038961038961038884
0 0.4632034632034632 0.39239332096474955 0.01855287569573285 0.05380333951762523
0 0.4867037724180582 0.4174397031539888 0.016079158936301782 0.04452690166975877
0 0.47124304267161404 0.5269016697588127 0.01236858379715521 0.02968460111317249
0 0.4935064935064935 0.6883116883116884 0.02473716759431049 0.03339517625231892
0 0.5398886827458257 0.7597402597402598 0.02102659245516392 0.027829313543599313
0 0.53865182436611 0.6558441558441559 0.02102659245516392 0.03153988868274581
0 0.7272727272727272 0.5204081632653061 0.01978973407544842 0.03896103896103895
0 0.7736549165120593 0.9916512059369202 0.0408163265306122 0.01669758812615953
0 0.8571428571428572 0.4025974025974026 0.02473716759431042 0.07050092764378477
0 0.8231292517006804 0.2337662337662338 0.023500309214594922 0.06307977736549165
