0 0.3951762523191094 0.45825602968460116 0.035868893011750135 0.048237476808905416
0 0.48484848484848486 0.5176252319109462 0.014842300556586282 0.0371057513914657
0 0.5528756957328386 0.6855287569573284 0.03463203463203463 0.02782931354359917
0 0.5398886827458257 0.728200371057514 0.02102659245516392 0.02782931354359917
0 0.5986394557823129 0.577922077922078 0.01731601731601735 0.03153988868274581
0 0.6419294990723562 0.5352504638218925 0.02473716759431049 0.06493506493506494
0 0.6345083487940631 0.41836734693877553 0.01731601731601735 0.04638218923933209
0 0.7816944959802103 0.225417439703154 0.02721088435374142 0.03153988868274585
0 0.8893011750154608 0.23654916512059368 0.02721088435374142 0.04267161410018552
0 0.9183673469387754 0.37662337662337664 0.030921459492888062 0.0371057513914657
0 0.8967223252937537 0.7977736549165121 0.02473716759431042 0.040816326530612346
0 0.6703772418058133 0.9461966604823747 0.022263450834879562 0.06679035250463812
