1 0.24984539270253556 0.6827458256029684 0.027210884353741492 0.051948051948051986
1 0.16883116883116883 0.5037105751391465 0.016079158936301782 0.06122448979591837
1 0.18491032776747063 0.2087198515769944 0.025974025974025993 0.03896103896103899
1 0.36549165120593685 0.16233766233766234 0.058132343846629554 0.12430426716141003
1 0.46876932591218307 0.16512059369202226 0.03463203463203463 0.0371057513914657
1 0.54421768707483 0.33487940630797774 0.03957946815089663 0.05380333951762523
1 0.533704390847248 0.3849721706864564 0.01113172541743971 0.03525046382189238
1 0.35621521335807044 0.4777365491651206 0.02968460111317249 0.03896103896103895
1 0.3951762523191094 0.3896103896103896 0.02844774273345699 0.0371057513914657
1 0.43722943722943725 0.3692022263450835 0.02350030921459499 0.040816326530612346
